Decade,YearMonth,Population,Employment,Unemployment,Not In Labour Force,Labour Force,Not Employed
1970s,1977-01,17000,17300,-400,100,16900,-300
1970s,1977-02,16500,15400,-1000,2200,14300,1100
1970s,1977-03,15900,22100,4100,-10200,26100,-6200
1970s,1977-04,15400,14400,5500,-4400,19800,1000
1970s,1977-05,15100,10400,4000,700,14400,4700
1970s,1977-06,14300,10700,1200,2400,11900,3600
1970s,1977-07,13600,11600,1900,100,13500,2000
1970s,1977-08,13300,11300,-800,2700,10600,2000
1970s,1977-09,13200,9300,3200,700,12500,3900
1970s,1977-10,12800,19300,3200,-9700,22500,-6500
1970s,1977-11,12600,10100,5200,-2700,15300,2500
1970s,1977-12,12400,4600,7300,500,11900,7800
1970s,1978-01,12000,8900,6900,-3800,15800,3100
1970s,1978-02,11700,8300,5700,-2300,14000,3400
1970s,1978-03,11200,3200,5500,2500,8700,8000
1970s,1978-04,10900,3400,2400,5000,5900,7500
1970s,1978-05,10400,12000,3700,-5200,15600,-1600
1970s,1978-06,10300,7300,2600,400,9900,3000
1970s,1978-07,10000,11400,-300,-1200,11200,-1400
1970s,1978-08,9700,5100,1500,3300,6400,4600
1970s,1978-09,9200,5300,1300,2700,6500,3900
1970s,1978-10,9200,7300,700,1100,8100,1900
1970s,1978-11,9100,7300,-200,1900,7200,1800
1970s,1978-12,9000,14900,-700,-5200,14200,-5900
1970s,1979-01,9000,16800,500,-8300,17300,-7800
1970s,1979-02,9200,12500,-1200,-2000,11200,-3300
1970s,1979-03,9400,15700,-4000,-2300,11700,-6300
1970s,1979-04,9700,11800,-1900,-200,9900,-2100
1970s,1979-05,9800,8500,-1800,3000,6800,1300
1970s,1979-06,9900,15700,-2600,-3200,13100,-5800
1970s,1979-07,10100,13000,-3700,1000,9100,-2900
1970s,1979-08,9900,12500,-4500,1800,8100,-2600
1970s,1979-09,9900,15200,-2400,-3000,12900,-5300
1970s,1979-10,10100,8300,-1800,3700,6400,1800
1970s,1979-11,10000,13400,-2300,-1000,11000,-3400
1970s,1979-12,10200,11100,-2600,1800,8400,-900
1980s,1980-01,10200,11700,-4100,2600,7600,-1500
1980s,1980-02,9800,8800,-2800,3700,6100,1000
1980s,1980-03,9900,7200,-1300,4100,5800,2700
1980s,1980-04,9600,18900,-2400,-6800,16400,-9300
1980s,1980-05,9400,12400,-1700,-1300,10700,-3000
1980s,1980-06,9500,7900,100,1500,8000,1600
1980s,1980-07,9300,3900,4600,700,8600,5400
1980s,1980-08,9400,4700,4000,700,8700,4700
1980s,1980-09,9600,-300,3600,6300,3300,9900
1980s,1980-10,9400,2400,4400,2600,6800,7000
1980s,1980-11,9300,2800,2900,3600,5700,6500
1980s,1980-12,8800,4200,2100,2400,6400,4600
1980s,1981-01,8600,5000,4200,-600,9200,3600
1980s,1981-02,8400,6400,6500,-4500,12900,2000
1980s,1981-03,8400,10200,2900,-4800,13200,-1800
1980s,1981-04,8300,4400,400,3400,4900,3900
1980s,1981-05,8400,8300,600,-600,9000,100
1980s,1981-06,8400,5900,1100,1400,7000,2500
1980s,1981-07,8400,9700,-4000,2700,5700,-1300
1980s,1981-08,8600,10800,-200,-2000,10600,-2200
1980s,1981-09,8800,11800,1500,-4500,13300,-3000
1980s,1981-10,8800,4200,-500,5000,3800,4600
1980s,1981-11,8900,8200,3400,-2700,11600,700
1980s,1981-12,9200,7500,1200,500,8700,1700
1980s,1982-01,9200,6500,-1100,3800,5400,2700
1980s,1982-02,9400,7800,-1600,3200,6200,1600
1980s,1982-03,9300,5300,1700,2200,7100,4000
1980s,1982-04,9200,1000,7400,800,8400,8200
1980s,1982-05,8900,-2700,7800,3900,5000,11600
1980s,1982-06,9200,-1400,10300,300,8900,10600
1980s,1982-07,9300,-7300,15500,1200,8100,16600
1980s,1982-08,9900,-8400,11900,6400,3500,18300
1980s,1982-09,9800,-5300,10300,4800,5000,15100
1980s,1982-10,10000,1200,12300,-3400,13400,8800
1980s,1982-11,10200,-2600,11300,1500,8700,12800
1980s,1982-12,10100,-4000,14200,-100,10200,14100
1980s,1983-01,10100,-5300,17900,-2500,12600,15400
1980s,1983-02,10400,600,14300,-4500,14900,9800
1980s,1983-03,10500,-100,12200,-1500,12000,10600
1980s,1983-04,10800,-900,11800,-100,10900,11700
1980s,1983-05,11300,7200,10300,-6200,17500,4100
1980s,1983-06,11000,10400,5300,-4700,15700,600
1980s,1983-07,10900,14000,2000,-5300,16200,-3100
1980s,1983-08,10500,15800,4000,-9200,19700,-5300
1980s,1983-09,10500,10300,4100,-3900,14400,200
1980s,1983-10,10300,12600,3100,-5400,15700,-2300
1980s,1983-11,10300,10300,2500,-2500,12800,0
1980s,1983-12,10400,7600,3000,-200,10600,2800
1980s,1984-01,10500,10100,-2000,2400,8100,400
1980s,1984-02,10600,7300,1900,1400,9200,3300
1980s,1984-03,10600,6400,4800,-700,11300,4200
1980s,1984-04,10600,9800,-500,1300,9300,800
1980s,1984-05,10500,5800,2200,2500,8000,4700
1980s,1984-06,10600,4300,4400,1900,8700,6300
1980s,1984-07,11300,4300,3900,3100,8200,7000
1980s,1984-08,10900,6900,1700,2200,8700,4000
1980s,1984-09,10700,6700,4700,-700,11400,4000
1980s,1984-10,10500,3900,2000,4500,6000,6600
1980s,1984-11,10300,3500,5900,900,9400,6800
1980s,1984-12,10100,6600,2900,600,9500,3500
1980s,1985-01,9700,6300,3900,-500,10200,3400
1980s,1985-02,9200,6300,600,2300,6900,2900
1980s,1985-03,8800,8400,2000,-1600,10400,400
1980s,1985-04,8700,10000,4000,-5300,14000,-1300
1980s,1985-05,8200,13700,1700,-7200,15400,-5500
1980s,1985-06,7900,11000,1000,-4100,12000,-3100
1980s,1985-07,7100,8100,1500,-2400,9500,-1000
1980s,1985-08,6800,3200,4000,-400,7200,3600
1980s,1985-09,6500,10400,-3100,-800,7300,-3900
1980s,1985-10,5800,14500,100,-8700,14500,-8700
1980s,1985-11,5400,15500,-1600,-8500,13900,-10100
1980s,1985-12,5000,17300,400,-12600,17600,-12300
1980s,1986-01,4700,20000,-700,-14600,19300,-15300
1980s,1986-02,4300,19600,-500,-14800,19100,-15300
1980s,1986-03,4300,16000,1200,-12800,17100,-11700
1980s,1986-04,3800,15300,-1700,-9800,13600,-11500
1980s,1986-05,3700,6000,-800,-1400,5100,-2300
1980s,1986-06,3400,8200,-1800,-3000,6400,-4800
1980s,1986-07,2900,10700,300,-8100,11000,-7800
1980s,1986-08,2600,9800,-3800,-3400,6000,-7200
1980s,1986-09,2300,3400,-1600,500,1800,-1100
1980s,1986-10,2500,6200,-2300,-1400,3900,-3700
1980s,1986-11,2300,-900,-3200,6400,-4100,3200
1980s,1986-12,2300,0,-5100,7300,-5000,2300
1980s,1987-01,2700,-4200,-2200,9100,-6400,6900
1980s,1987-02,2900,-2300,-1000,6200,-3300,5200
1980s,1987-03,2800,-2600,-5500,10900,-8100,5400
1980s,1987-04,2800,-5500,-2800,11100,-8300,8300
1980s,1987-05,2600,-800,-1800,5100,-2500,3400
1980s,1987-06,2200,800,-4000,5400,-3200,1400
1980s,1987-07,2100,-3900,-1000,7000,-4900,6000
1980s,1987-08,1800,-3100,1500,3300,-1500,4900
1980s,1987-09,1200,2700,-2400,800,400,-1500
1980s,1987-10,500,-4300,-2000,6800,-6300,4800
1980s,1987-11,200,5600,-1000,-4500,4700,-5400
1980s,1987-12,-100,3300,-800,-2600,2500,-3400
1980s,1988-01,-700,3700,2300,-6700,6000,-4400
1980s,1988-02,-1300,2200,-400,-3100,1800,-3500
1980s,1988-03,-1800,1200,2100,-5200,3400,-3000
1980s,1988-04,-2200,2000,-100,-4100,1900,-4200
1980s,1988-05,-2600,5200,-4300,-3500,900,-7800
1980s,1988-06,-2900,1300,0,-4200,1300,-4200
1980s,1988-07,-3400,3200,-4600,-2000,-1400,-6600
1980s,1988-08,-4200,400,-2600,-1900,-2300,-4600
1980s,1988-09,-4700,-400,1500,-5600,900,-4300
1980s,1988-10,-5000,-500,2000,-6400,1400,-4500
1980s,1988-11,-5600,-4600,1900,-2800,-2800,-1000
1980s,1988-12,-6000,-2800,3400,-6600,600,-3200
1980s,1989-01,-6400,-2000,-1700,-2700,-3700,-4400
1980s,1989-02,-6500,-9800,2400,900,-7400,3300
1980s,1989-03,-6500,-5700,-2500,1900,-8400,-800
1980s,1989-04,-6500,-10100,2200,1400,-7900,3600
1980s,1989-05,-6600,-9800,2400,800,-7400,3200
1980s,1989-06,-6800,-7900,1700,-600,-6200,1100
1980s,1989-07,-6900,-6600,2700,-3000,-3900,-300
1980s,1989-08,-7100,-3500,-700,-2900,-4200,-3600
1980s,1989-09,-7200,-3000,-900,-3400,-3800,-4200
1980s,1989-10,-7700,-5800,-2100,200,-7900,-1900
1980s,1989-11,-7700,-6400,-2500,1200,-8900,-1300
1980s,1989-12,-7900,-7000,-6100,5200,-13100,-900
1990s,1990-01,-8200,-8500,500,-200,-8000,300
1990s,1990-02,-8300,2700,-4800,-6200,-2100,-11000
1990s,1990-03,-8500,300,-3800,-5100,-3400,-8800
1990s,1990-04,-8700,1100,-3100,-6700,-2000,-9800
1990s,1990-05,-8700,-600,-1600,-6500,-2200,-8100
1990s,1990-06,-8900,-400,-100,-8400,-500,-8500
1990s,1990-07,-9400,-5000,-2600,-1800,-7600,-4400
1990s,1990-08,-9000,-2900,-800,-5300,-3700,-6100
1990s,1990-09,-8500,-2100,-3200,-3200,-5300,-6400
1990s,1990-10,-7400,-5600,-1400,-500,-6900,-1800
1990s,1990-11,-6600,-3100,-1500,-2000,-4600,-3500
1990s,1990-12,-5600,-2100,300,-3800,-1800,-3500
1990s,1991-01,-4600,3200,-3100,-4700,100,-7800
1990s,1991-02,-4000,-4600,3200,-2600,-1400,600
1990s,1991-03,-3600,-5200,3300,-1700,-1900,1600
1990s,1991-04,-3000,-700,3700,-6000,3000,-2300
1990s,1991-05,-2800,-4100,2400,-1100,-1700,1300
1990s,1991-06,-2400,-1600,800,-1600,-800,-800
1990s,1991-07,-1900,800,3000,-5700,3800,-2700
1990s,1991-08,-1600,-1500,2000,-2100,500,-100
1990s,1991-09,-1200,-1100,1100,-1100,-100,-100
1990s,1991-10,-1000,2600,900,-4500,3500,-3600
1990s,1991-11,-700,1700,1200,-3600,2900,-2400
1990s,1991-12,-500,400,900,-1700,1200,-900
1990s,1992-01,-300,-1500,-400,1600,-1900,1200
1990s,1992-02,-200,3700,-4200,300,-500,-3900
1990s,1992-03,400,100,900,-600,1000,300
1990s,1992-04,500,-6200,-800,7400,-6900,6700
1990s,1992-05,900,-5200,-600,6700,-5800,6100
1990s,1992-06,1100,-11500,1500,11100,-10000,12600
1990s,1992-07,1400,-10000,4200,7200,-5800,11400
1990s,1992-08,1500,-7600,5000,4100,-2600,9100
1990s,1992-09,1500,-7200,5700,2900,-1400,8700
1990s,1992-10,1700,-5200,4300,2500,-800,6900
1990s,1992-11,1800,-6400,8200,0,1800,8200
1990s,1992-12,1800,-6600,9500,-1200,3000,8400
1990s,1993-01,1700,-6900,9600,-1000,2700,8600
1990s,1993-02,2000,-6600,9400,-800,2800,8600
1990s,1993-03,2000,-5000,5900,1000,1000,7000
1990s,1993-04,1800,-1400,5400,-2100,3900,3200
1990s,1993-05,2100,1700,4000,-3500,5600,400
1990s,1993-06,2400,5000,500,-3200,5600,-2600
1990s,1993-07,2900,1700,800,400,2500,1200
1990s,1993-08,3200,2400,-1300,2100,1100,800
1990s,1993-09,3400,2000,-300,1700,1700,1400
1990s,1993-10,3500,3800,-3700,3500,0,-300
1990s,1993-11,3600,4900,-5100,3800,-200,-1300
1990s,1993-12,3700,4300,-3500,2900,800,-600
1990s,1994-01,3800,4500,-5700,5000,-1200,-700
1990s,1994-02,3500,3000,-7100,7600,-4100,500
1990s,1994-03,3200,5200,-8800,7000,-3800,-2000
1990s,1994-04,3300,4600,-5600,4300,-1000,-1300
1990s,1994-05,3100,5700,-6600,3900,-800,-2600
1990s,1994-06,3100,6600,-6200,2800,300,-3500
1990s,1994-07,3100,9000,-9000,3000,100,-5900
1990s,1994-08,3500,5400,-7700,5800,-2300,-1900
1990s,1994-09,3700,5900,-7700,5400,-1700,-2200
1990s,1994-10,3800,2300,-1600,3100,700,1500
1990s,1994-11,4000,6300,-7600,5200,-1200,-2300
1990s,1994-12,4100,12400,-11500,3100,1000,-8300
1990s,1995-01,4300,8700,-9300,5000,-700,-4400
1990s,1995-02,4400,8700,-5300,1000,3400,-4300
1990s,1995-03,4500,8000,-3900,300,4200,-3500
1990s,1995-04,4500,5200,-5100,4400,100,-700
1990s,1995-05,4700,4200,1800,-1300,6000,500
1990s,1995-06,4900,6400,-1800,300,4600,-1500
1990s,1995-07,5100,3000,3900,-1700,6800,2100
1990s,1995-08,5100,2700,4100,-1700,6800,2400
1990s,1995-09,5200,2500,3200,-400,5600,2700
1990s,1995-10,5300,3600,-2400,4100,1200,1700
1990s,1995-11,5200,-3500,4500,4300,900,8700
1990s,1995-12,5000,-6600,5200,6500,-1500,11600
1990s,1996-01,2100,-7300,6100,3200,-1100,9400
1990s,1996-02,1900,-7300,4800,4400,-2500,9200
1990s,1996-03,1700,-8700,4600,5900,-4200,10400
1990s,1996-04,1700,-3400,1300,3700,-2000,5100
1990s,1996-05,1500,-4400,-1900,7700,-6200,5900
1990s,1996-06,1400,-7800,3500,5700,-4300,9200
1990s,1996-07,1300,-4600,-1000,6900,-5600,5900
1990s,1996-08,1100,-3700,-2900,7600,-6500,4800
1990s,1996-09,1100,-900,-4200,6200,-5100,2000
1990s,1996-10,800,2300,-4900,3400,-2600,-1500
1990s,1996-11,500,1100,-9100,8500,-8000,-600
1990s,1996-12,200,3900,-8500,4800,-4600,-3700
1990s,1997-01,2300,3800,-7200,5700,-3400,-1500
1990s,1997-02,2300,3200,-6800,5800,-3500,-900
1990s,1997-03,2000,5700,-6700,2800,-800,-3700
1990s,1997-04,1700,9700,-3800,-4100,5800,-8000
1990s,1997-05,1600,10500,-4400,-4500,6100,-8900
1990s,1997-06,1400,13200,-4000,-7800,9200,-11800
1990s,1997-07,1100,14400,-4000,-9200,10300,-13300
1990s,1997-08,1000,12300,-2300,-8900,9900,-11300
1990s,1997-09,700,7200,200,-6700,7400,-6500
1990s,1997-10,1000,5600,3900,-8400,9400,-4600
1990s,1997-11,1100,16000,3300,-18200,19300,-14900
1990s,1997-12,1200,16000,-2100,-12800,14000,-14800
1990s,1998-01,1800,17900,-3400,-12700,14500,-16100
1990s,1998-02,1700,16000,-3700,-10500,12200,-14300
1990s,1998-03,1700,12800,-3600,-7400,9100,-11100
1990s,1998-04,1700,6400,-1900,-2800,4500,-4700
1990s,1998-05,1600,1100,-2000,2700,-1100,500
1990s,1998-06,1800,-3300,400,4700,-2900,5100
1990s,1998-07,2100,-2300,1500,2800,-700,4400
1990s,1998-08,2200,2200,3900,-4000,6200,0
1990s,1998-09,2400,3700,-300,-1000,3400,-1300
1990s,1998-10,2200,500,-400,2100,100,1700
1990s,1998-11,2200,-600,-100,3000,-800,2800
1990s,1998-12,2100,-3000,5600,-400,2500,5100
1990s,1999-01,1800,-6500,5900,2400,-600,8300
1990s,1999-02,1600,-4800,8000,-1600,3200,6400
1990s,1999-03,1700,-3800,6200,-700,2400,5500
1990s,1999-04,1300,-1100,3900,-1500,2800,2400
1990s,1999-05,1100,-2200,9200,-5900,7000,3300
1990s,1999-06,600,6300,-1400,-4200,4800,-5700
1990s,1999-07,300,4100,-1100,-2800,3100,-3800
1990s,1999-08,-300,900,-2600,1500,-1800,-1200
1990s,1999-09,-700,4200,-2100,-2800,2100,-4900
1990s,1999-10,-1000,5700,-300,-6500,5500,-6700
1990s,1999-11,-1200,3200,-4700,100,-1300,-4400
1990s,1999-12,-1300,5000,-5000,-1300,0,-6300
2000s,2000-01,-1500,10400,-8300,-3700,2200,-11900
2000s,2000-02,-1800,12200,-12300,-1700,-100,-14000
2000s,2000-03,-2000,13200,-10400,-4900,2900,-15200
2000s,2000-04,-1700,7700,-8700,-800,-900,-9400
2000s,2000-05,-1800,12800,-9400,-5300,3500,-14600
2000s,2000-06,-1800,1300,-100,-3100,1300,-3100
2000s,2000-07,-2100,1200,-3000,-200,-1900,-3300
2000s,2000-08,-2000,-5000,-500,3500,-5500,3000
2000s,2000-09,-1800,-5800,400,3600,-5400,4000
2000s,2000-10,-2100,-2700,-2400,3000,-5100,600
2000s,2000-11,-2200,0,-1800,-200,-2000,-2200
2000s,2000-12,-2300,-6600,-700,5000,-7300,4300
2000s,2001-01,-5200,-7900,3100,-200,-5000,2700
2000s,2001-02,-5000,-15000,4100,5900,-10900,10000
2000s,2001-03,-4900,-13100,3400,5000,-9900,8200
2000s,2001-04,-5100,-14300,4800,4500,-9600,9200
2000s,2001-05,-5300,-22000,3600,13000,-18300,16700
2000s,2001-06,-5300,-17600,-400,12700,-18000,12300
2000s,2001-07,-5000,-13600,2400,6200,-11200,8600
2000s,2001-08,-4900,-4200,-900,200,-5100,-700
2000s,2001-09,-5000,-12600,1200,6400,-11400,7600
2000s,2001-10,-4500,-15400,1600,9400,-13900,10900
2000s,2001-11,-4400,-18200,4000,9700,-14100,13800
2000s,2001-12,-4100,-17500,5100,8300,-12400,13400
2000s,2002-01,-1100,-11200,1200,8800,-9900,10100
2000s,2002-02,-900,-1100,-300,500,-1400,200
2000s,2002-03,-700,-2500,800,900,-1600,1800
2000s,2002-04,-500,-2000,-200,1800,-2300,1500
2000s,2002-05,-300,10500,400,-11100,10800,-10800
2000s,2002-06,-200,11700,-600,-11300,11100,-11900
2000s,2002-07,-300,6600,-2100,-4800,4500,-6900
2000s,2002-08,-100,9000,-400,-8700,8600,-9100
2000s,2002-09,200,17500,-1000,-16300,16500,-17300
2000s,2002-10,200,20800,1800,-22500,22700,-20600
2000s,2002-11,400,24300,1400,-25300,25700,-23900
2000s,2002-12,500,26400,-800,-25100,25600,-25900
2000s,2003-01,700,18600,2000,-19900,20600,-17900
2000s,2003-02,800,14800,3400,-17400,18200,-14000
2000s,2003-03,700,14700,-1000,-13000,13700,-14000
2000s,2003-04,1100,16800,-1700,-14100,15200,-15700
2000s,2003-05,1600,11300,-1000,-8700,10300,-9700
2000s,2003-06,2200,12100,-200,-9700,11900,-9900
2000s,2003-07,2500,9700,0,-7200,9700,-7200
2000s,2003-08,2700,4200,2700,-4200,6900,-1500
2000s,2003-09,2800,-600,500,2900,-100,3400
2000s,2003-10,3000,-1300,-1800,6100,-3100,4300
2000s,2003-11,2800,-2200,-200,5200,-2400,5000
2000s,2003-12,2900,-500,-1000,4400,-1500,3400
2000s,2004-01,3200,600,-2100,4700,-1500,2600
2000s,2004-02,3400,400,-1700,4700,-1300,3000
2000s,2004-03,3900,200,3200,500,3400,3700
2000s,2004-04,3900,5200,-100,-1300,5200,-1300
2000s,2004-05,3800,2900,-4500,5400,-1600,900
2000s,2004-06,3700,1400,-1800,4100,-400,2300
2000s,2004-07,3400,0,-1100,4500,-1100,3400
2000s,2004-08,3500,600,-3700,6600,-3100,2900
2000s,2004-09,3300,5100,1000,-2800,6100,-1800
2000s,2004-10,3100,8800,-2300,-3400,6500,-5700
2000s,2004-11,3100,11200,-2200,-5900,9000,-8100
2000s,2004-12,3000,10700,0,-7700,10700,-7700
2000s,2005-01,2700,10200,-2700,-4800,7500,-7500
2000s,2005-02,2400,10900,-2600,-5800,8200,-8500
2000s,2005-03,1800,12300,-4000,-6500,8300,-10500
2000s,2005-04,1200,2300,-1800,800,400,-1100
2000s,2005-05,900,6100,-2400,-2700,3600,-5200
2000s,2005-06,300,3600,-1700,-1600,1900,-3300
2000s,2005-07,500,5800,-3100,-2200,2700,-5300
2000s,2005-08,400,1300,600,-1600,2000,-900
2000s,2005-09,200,-4700,2600,2300,-2100,4900
2000s,2005-10,200,-7900,1900,6200,-6000,8100
2000s,2005-11,100,-7000,-300,7400,-7300,7100
2000s,2005-12,0,-8800,-1800,10600,-10600,8800
2000s,2006-01,-100,-1900,200,1600,-1700,1800
2000s,2006-02,-200,-2100,1100,700,-900,1900
2000s,2006-03,0,-3200,-1000,4200,-4200,3200
2000s,2006-04,500,2900,-600,-1800,2300,-2400
2000s,2006-05,1200,2500,1600,-3000,4200,-1300
2000s,2006-06,2000,5000,1200,-4200,6200,-3000
2000s,2006-07,2500,7200,100,-4800,7300,-4700
2000s,2006-08,2700,9300,2200,-8700,11400,-6600
2000s,2006-09,3300,22500,-6400,-12800,16100,-19200
2000s,2006-10,3700,26400,-5300,-17400,21100,-22700
2000s,2006-11,4300,22300,-4400,-13600,17900,-18000
2000s,2006-12,4700,26500,-3700,-18100,22800,-21800
2000s,2007-01,5600,22600,-2700,-14300,19900,-17000
2000s,2007-02,6300,21400,-6000,-9100,15400,-15100
2000s,2007-03,7000,23500,-3800,-12700,19700,-16500
2000s,2007-04,7900,22900,-3000,-12000,19900,-15000
2000s,2007-05,8400,18000,-200,-9400,17800,-9600
2000s,2007-06,8900,12100,-800,-2400,11300,-3200
2000s,2007-07,9800,12500,1900,-4600,14400,-2700
2000s,2007-08,10700,10700,-500,500,10200,0
2000s,2007-09,11400,9100,-3300,5600,5800,2300
2000s,2007-10,11900,5600,2600,3600,8300,6300
2000s,2007-11,12200,12200,700,-700,12900,0
2000s,2007-12,12700,6200,-100,6700,6000,6500
2000s,2008-01,12900,8000,-1000,5800,7100,4900
2000s,2008-02,13200,13300,1200,-1400,14600,-100
2000s,2008-03,13200,7300,500,5500,7700,5900
2000s,2008-04,13200,9500,1000,2700,10500,3700
2000s,2008-05,13100,8000,-1200,6200,6900,5100
2000s,2008-06,13200,12900,-3300,3500,9700,300
2000s,2008-07,12800,5400,-400,7800,5000,7400
2000s,2008-08,12800,16900,-1500,-2600,15400,-4100
2000s,2008-09,13000,16000,2100,-5200,18200,-3000
2000s,2008-10,13300,18100,-2700,-2000,15300,-4800
2000s,2008-11,13600,15000,-1700,300,13300,-1400
2000s,2008-12,13500,17700,3000,-7300,20800,-4200
2000s,2009-01,13300,15500,1700,-3900,17200,-2200
2000s,2009-02,13700,11100,6500,-3800,17500,2600
2000s,2009-03,14000,12100,6400,-4600,18600,1900
2000s,2009-04,14100,8900,5400,-300,14400,5200
2000s,2009-05,14400,13700,6600,-5800,20200,700
2000s,2009-06,14700,16100,4900,-6200,20900,-1400
2000s,2009-07,14900,11200,3200,500,14400,3700
2000s,2009-08,14800,3700,5400,5700,9100,11100
2000s,2009-09,14600,2400,4300,8000,6600,12200
2000s,2009-10,14300,-700,9000,6000,8300,15000
2000s,2009-11,14100,3800,8300,2000,12100,10300
2000s,2009-12,14200,4000,1400,8800,5400,10200
2010s,2010-01,14400,4000,3100,7300,7100,10400
2010s,2010-02,14400,9000,-3100,8500,5900,5400
2010s,2010-03,14400,12700,2200,-500,14900,1700
2010s,2010-04,14400,11500,2200,800,13600,2900
2010s,2010-05,14100,8800,-400,5700,8400,5300
2010s,2010-06,14000,5300,6300,2500,11500,8700
2010s,2010-07,13800,8800,1800,3200,10600,5000
2010s,2010-08,13900,10800,-2700,5800,8100,3100
2010s,2010-09,13700,5400,4600,3700,10000,8300
2010s,2010-10,13800,6200,3700,3900,9900,7600
2010s,2010-11,13500,4900,1800,6800,6700,8600
2010s,2010-12,13300,7700,3300,2300,11000,5600
2010s,2011-01,13000,6900,3900,2300,10700,6100
2010s,2011-02,12600,2600,4800,5200,7400,10000
2010s,2011-03,12300,1700,-1000,11600,700,10600
2010s,2011-04,12100,2600,-600,10100,2000,9500
2010s,2011-05,12400,5000,100,7300,5100,7400
2010s,2011-06,11700,4400,-5400,12600,-900,7300
2010s,2011-07,11600,8100,-2000,5500,6100,3500
2010s,2011-08,11700,5600,-500,6600,5100,6100
2010s,2011-09,11800,13500,-6700,5000,6800,-1700
2010s,2011-10,11600,12900,-8900,7600,4000,-1300
2010s,2011-11,11900,3500,-2900,11300,600,8400
2010s,2011-12,11800,3900,-3300,11200,600,7900
2010s,2012-01,11900,3900,-4300,12300,-400,8000
2010s,2012-02,12100,2300,-2700,12500,-400,9800
2010s,2012-03,12400,700,-500,12200,200,11700
2010s,2012-04,13300,11700,0,1700,11600,1600
2010s,2012-05,13400,8800,-1200,5800,7600,4600
2010s,2012-06,14100,9200,2400,2600,11500,4900
2010s,2012-07,14600,8100,800,5700,8900,6500
2010s,2012-08,14400,16000,1700,-3300,17700,-1600
2010s,2012-09,14400,9100,2500,2800,11600,5300
2010s,2012-10,14400,13200,2400,-1300,15700,1200
2010s,2012-11,14300,19700,-600,-4800,19100,-5400
2010s,2012-12,14300,15100,2500,-3300,17600,-800
2010s,2013-01,14100,25400,-4600,-6700,20800,-11300
2010s,2013-02,13600,25600,-4900,-7100,20700,-12000
2010s,2013-03,13400,29200,-6500,-9400,22800,-15800
2010s,2013-04,12700,15100,-4000,1500,11200,-2400
2010s,2013-05,12700,15400,0,-2700,15400,-2700
2010s,2013-06,12400,19500,-5100,-2100,14500,-7100
2010s,2013-07,12000,18600,-2000,-4600,16600,-6600
2010s,2013-08,11500,11600,-2200,2100,9400,-100
2010s,2013-09,11200,5900,-3000,8300,2900,5300
2010s,2013-10,11200,2600,-5500,14300,-3100,8600
2010s,2013-11,11000,2200,-2800,11600,-600,8800
2010s,2013-12,11000,8000,-5100,8100,2900,3000
2010s,2014-01,11000,-1800,3900,8800,2200,12800
2010s,2014-02,11000,-900,-1600,13500,-2500,11900
2010s,2014-03,10800,-700,2500,9100,1700,11500
2010s,2014-04,10400,1000,-5200,14500,-4100,9400
2010s,2014-05,9800,3200,-4300,10900,-1100,6600
2010s,2014-06,9400,600,-700,9500,-100,8800
2010s,2014-07,8900,300,-6000,14700,-5800,8600
2010s,2014-08,8700,-2000,2200,8500,200,10700
2010s,2014-09,8400,11500,-3100,0,8400,-3100
2010s,2014-10,7900,12300,-300,-4200,12100,-4400
2010s,2014-11,7800,4500,-2700,6000,1800,3300
2010s,2014-12,7400,5800,-3300,4800,2600,1600
2010s,2015-01,6900,-1700,2100,6700,200,8600
2010s,2015-02,6200,-4700,10600,400,5800,10900
2010s,2015-03,5500,-3200,1800,6900,-1400,8700
2010s,2015-04,5000,2000,5800,-2600,7600,3000
2010s,2015-05,4300,-1400,8200,-2500,6800,5700
2010s,2015-06,4300,-700,5000,0,4300,5000
2010s,2015-07,4300,-9000,11400,1800,2500,13300
2010s,2015-08,4500,-2900,5600,1900,2600,7400
2010s,2015-09,5000,-2200,8100,-900,5900,7200
2010s,2015-10,5400,-5300,11800,-1100,6500,10700
2010s,2015-11,5200,900,12700,-8400,13600,4300
2010s,2015-12,5200,-7900,13400,-200,5400,13100
2010s,2016-01,5400,-400,8100,-2400,7800,5800
2010s,2016-02,6200,-4100,5800,4500,1700,10300
2010s,2016-03,6700,-6000,12100,600,6100,12700
2010s,2016-04,7000,-11100,15400,2600,4400,18100
2010s,2016-05,7700,-4100,5400,6400,1300,11800
2010s,2016-06,7900,-6300,9600,4600,3300,14200
2010s,2016-07,8200,3800,4400,100,8100,4400
2010s,2016-08,8200,-3900,3300,8700,-500,12100
2010s,2016-09,7700,-5100,9000,3700,4000,12800
2010s,2016-10,7400,-6400,5900,7900,-500,13800
2010s,2016-11,7700,-5100,6800,5900,1800,12800
2010s,2016-12,7800,-3400,5000,6200,1600,11200
2010s,2017-01,8100,-3500,5300,6300,1800,11600
2010s,2017-02,8000,7700,-500,700,7300,300
2010s,2017-03,8300,600,-800,8500,-200,7700
2010s,2017-04,8300,1600,-2200,9000,-700,6700
2010s,2017-05,8300,2300,3800,2200,6100,6000
2010s,2017-06,8000,600,200,7200,800,7400
2010s,2017-07,7900,300,3600,3900,4000,7600
2010s,2017-08,7900,3100,300,4500,3400,4800
2010s,2017-09,8000,1000,-3100,10100,-2100,7000
2010s,2017-10,8100,100,-4200,12100,-4000,8000
2010s,2017-11,7800,-700,-4400,13000,-5200,8500
2010s,2017-12,7500,3500,600,3400,4100,4000
2010s,2018-01,7200,4700,-7100,9600,-2400,2500
2010s,2018-02,7000,-3400,-3900,14300,-7300,10400
2010s,2018-03,6800,6100,-1700,2300,4500,700
2010s,2018-04,6800,1600,-300,5400,1400,5200
2010s,2018-05,6500,-4700,-400,11500,-5000,11200
2010s,2018-06,6400,2700,900,2800,3600,3700
2010s,2018-07,5900,-2900,-500,9300,-3400,8800
2010s,2018-08,5700,-600,2600,3700,2000,6300
2010s,2018-09,5900,1300,900,3800,2100,4600
2010s,2018-10,6100,6000,900,-600,6700,100
2010s,2018-11,6300,12600,-5500,-800,7100,-6300
2010s,2018-12,6500,8000,-5000,3500,3000,-1500
2010s,2019-01,6500,6200,-1600,1900,4600,300
2010s,2019-02,6200,6200,200,-200,6400,0
2010s,2019-03,5800,8100,-5900,3700,2100,-2300
2010s,2019-04,5400,13100,-3900,-3800,9200,-7700
2010s,2019-05,5400,12200,-7300,600,4800,-6800
2010s,2019-06,5500,10700,-7600,2400,3100,-5200
2010s,2019-07,6100,10300,-3300,-1000,7100,-4200
2010s,2019-08,6100,12400,-5100,-1100,7200,-6300
2010s,2019-09,6400,14200,-4300,-3500,9900,-7800
2010s,2019-10,6400,12000,-6600,900,5500,-5600
2010s,2019-11,6400,2400,6100,-2000,8400,4000
2010s,2019-12,6500,4100,-200,2600,3900,2400
2020s,2020-01,6500,2800,3100,600,5900,3700
2020s,2020-02,6600,3400,4400,-1200,7800,3200
2020s,2020-03,6200,-22000,16300,11900,-5700,28200
2020s,2020-04,5600,-76400,32800,49100,-43500,82000
2020s,2020-05,4800,-74600,38800,40600,-35800,79400
2020s,2020-06,4200,-42900,33600,13500,-9300,47100
2020s,2020-07,3300,-25800,20300,8800,-5500,29100
2020s,2020-08,2900,-29600,17700,14700,-11800,32500
2020s,2020-09,1800,-19100,6000,14900,-13100,20900
2020s,2020-10,1100,-17800,6200,12700,-11600,18900
2020s,2020-11,700,-21500,3400,18700,-18000,22200
2020s,2020-12,200,-26100,7500,18900,-18700,26300
2020s,2021-01,0,-22200,6800,15500,-15500,22200
2020s,2021-02,0,-21800,5500,16200,-16200,21800
2020s,2021-03,100,-3200,-1800,5000,-4900,3300
2020s,2021-04,300,57900,-26200,-31300,31600,-57600
2020s,2021-05,400,60700,-32200,-28200,28600,-60300
2020s,2021-06,400,28800,-24900,-3600,4000,-28400
2020s,2021-07,500,9300,-15400,6700,-6200,-8800
2020s,2021-08,500,18900,-13900,-4500,5000,-18400
2020s,2021-09,700,5700,-2900,-2100,2800,-5000
2020s,2021-10,1000,1300,-4000,3700,-2700,-300
2020s,2021-11,1600,4700,-10000,6900,-5300,-3100
2020s,2021-12,2400,15800,-10000,-3500,5900,-13400
2020s,2022-01,2800,17600,-10000,-4800,7600,-14800
2020s,2022-02,3400,27100,-15300,-8300,11700,-23700
2020s,2022-03,4400,23500,-13200,-5800,10200,-19100
2020s,2022-04,5300,19800,-6700,-7800,13100,-14500
2020s,2022-05,6500,22100,-12000,-3500,10000,-15600
2020s,2022-06,8000,22700,-16200,1600,6400,-14700
2020s,2022-07,9800,24400,-16600,2000,7800,-14600
2020s,2022-08,11700,15000,-11000,7700,4000,-3300
2020s,2022-09,13100,10900,-11000,13200,-100,2200
2020s,2022-10,14700,19000,-3600,-700,15400,-4300
2020s,2022-11,15600,18800,-5400,2200,13400,-3200
2020s,2022-12,16100,12800,-6700,10000,6100,3300
2020s,2023-01,17300,15000,-8100,10300,7000,2300
2020s,2023-02,18500,6600,-2300,14200,4300,11900
2020s,2023-03,19800,7400,-2000,14400,5400,12400
2020s,2023-04,20800,4300,-4500,20900,-100,16500
2020s,2023-05,22000,2000,-1700,21800,200,20000
2020s,2023-06,23000,2000,5800,15200,7800,21000
2020s,2023-07,23600,400,6800,16400,7200,23200
2020s,2023-08,24200,3100,6300,14900,9300,21100
2020s,2023-09,24600,11800,4000,8800,15800,12800
2020s,2023-10,24600,16800,-2500,10300,14300,7800
2020s,2023-11,25100,18500,4000,2600,22500,6600
2020s,2023-12,25700,21800,5600,-1700,27400,3900
2020s,2024-01,26600,13000,4600,8900,17700,13600
2020s,2024-02,26900,16600,4300,6000,20900,10300
2020s,2024-03,26900,12600,5800,8600,18300,14300
2020s,2024-04,28100,15600,7400,5300,22800,12500
2020s,2024-05,28500,20600,8500,-700,29200,7900
2020s,2024-06,28600,17600,4000,7000,21600,11000
2020s,2024-07,29100,25100,4900,-900,30000,4000
2020s,2024-08,29000,20300,3700,4900,24100,8700
2020s,2024-09,29500,17100,5800,6600,22900,12400
2020s,2024-10,29200,8200,8300,12600,16600,21000
2020s,2024-11,28500,6700,4900,16900,11600,21800
2020s,2024-12,27800,10000,3800,14000,13800,17800
2020s,2025-01,26400,9900,4000,12700,13700,16500
2020s,2025-02,25900,9000,1000,15800,10100,16900
2020s,2025-03,25000,19800,-3200,8300,16700,5200
2020s,2025-04,24000,21100,-7500,10200,13800,2900
2020s,2025-05,22500,16300,-8300,14600,7900,6200
2020s,2025-06,21400,20500,-1900,2700,18700,900
2020s,2025-07,19700,17600,-1600,3700,16000,2100
